400.11	98.63
400.33	100.00
400.54	111.45
400.75	101.44
400.97	88.14
401.18	86.87
401.39	101.81
401.60	100.57
401.82	86.99
402.03	86.95
402.24	100.39
402.46	95.65
402.67	87.13
402.88	85.61
403.10	99.30
403.31	98.85
403.52	82.84
403.73	82.58
403.95	91.14
404.16	91.50
404.37	80.98
404.58	83.34
404.80	91.83
405.01	88.75
405.22	85.25
405.44	86.25
405.65	98.42
405.86	96.88
406.07	87.40
406.29	86.79
406.50	97.25
406.71	94.48
406.92	88.73
407.14	88.61
407.35	100.86
407.56	99.63
407.77	91.65
407.99	92.72
408.20	105.60
408.41	104.23
408.63	94.05
408.84	95.40
409.05	106.42
409.26	103.98
409.48	97.41
409.69	102.07
409.90	110.34
410.11	106.77
410.33	95.71
410.54	94.62
410.75	108.31
410.96	104.93
411.17	93.43
411.39	90.44
411.60	105.03
411.81	105.58
412.02	93.52
412.24	92.24
412.45	104.15
412.66	100.86
412.87	94.01
413.09	92.76
413.30	102.46
413.51	98.60
413.72	90.11
413.93	84.92
414.15	87.67
414.36	91.65
414.57	81.63
414.78	81.12
415.00	92.35
415.21	87.28
415.42	79.23
415.63	81.20
415.84	91.34
416.06	84.04
416.27	74.02
416.48	73.63
416.69	82.82
416.90	85.70
417.12	79.77
417.33	73.12
417.54	82.82
417.75	79.75
417.96	71.95
418.18	72.01
418.39	85.61
418.60	88.90
418.81	78.92
419.02	81.35
419.24	90.95
419.45	93.35
419.66	87.73
419.87	91.40
420.08	103.45
420.30	103.72
420.51	97.91
420.72	97.87
420.93	108.35
421.14	110.77
421.35	97.56
421.57	95.30
421.78	110.32
421.99	110.75
422.20	108.41
422.41	112.70
422.63	137.70
422.84	138.01
423.05	128.73
423.26	128.81
423.47	138.99
423.68	141.27
423.90	134.35
424.11	138.05
424.32	146.40
424.53	149.15
424.74	145.54
424.95	149.46
425.16	163.76
425.38	170.18
425.59	167.11
425.80	169.69
426.01	182.60
426.22	177.96
426.43	170.12
426.65	173.08
426.86	184.22
427.07	178.13
427.28	173.02
427.49	186.42
427.70	203.53
427.91	210.06
428.13	207.72
428.34	210.14
428.55	222.14
428.76	228.14
428.97	222.08
429.18	227.58
429.39	246.85
429.60	249.56
429.82	242.15
430.03	250.46
430.24	266.06
430.45	269.34
430.66	275.21
430.87	282.33
431.08	296.21
431.29	298.91
431.51	290.68
431.72	293.27
431.93	296.97
432.14	299.88
432.35	291.86
432.56	292.31
432.77	307.45
432.98	308.68
433.20	301.60
433.41	307.25
433.62	320.20
433.83	318.96
434.04	313.55
434.25	317.14
434.46	325.69
434.67	328.71
434.88	326.78
435.09	325.96
435.31	333.96
435.52	332.14
435.73	326.21
435.94	333.21
436.15	344.20
436.36	344.98
436.57	335.61
436.78	338.11
436.99	347.69
437.20	348.25
437.41	339.65
437.63	340.82
437.84	345.91
438.05	341.00
438.26	330.02
438.47	325.53
438.68	334.60
438.89	328.34
439.10	315.99
439.31	311.80
439.52	319.68
439.73	320.54
439.94	308.74
440.15	307.08
440.36	311.14
440.58	309.03
440.79	299.32
441.00	295.18
441.21	299.73
441.42	300.47
441.63	287.50
441.84	288.39
442.05	289.27
442.26	289.45
442.47	282.35
442.68	283.63
442.89	297.42
443.10	295.69
443.31	289.76
443.52	291.49
443.73	300.58
443.94	297.74
444.15	286.17
444.36	290.44
444.58	301.50
444.79	305.50
445.00	301.56
445.21	303.57
445.42	318.82
445.63	321.96
445.84	314.04
446.05	315.41
446.26	322.99
446.47	327.32
446.68	320.95
446.89	323.46
447.10	335.42
447.31	337.00
447.52	331.42
447.73	334.77
447.94	346.61
448.15	352.70
448.36	351.08
448.57	356.35
448.78	371.81
448.99	372.65
449.20	365.65
449.41	365.44
449.62	377.90
449.83	380.51
450.04	377.02
450.25	384.12
450.46	399.57
450.67	410.10
450.88	410.74
451.09	418.90
451.30	431.61
451.51	438.42
451.72	433.58
451.93	440.61
452.14	450.42
452.35	461.44
452.56	457.20
452.77	465.01
452.98	483.48
453.19	490.95
453.40	493.78
453.61	499.94
453.82	518.08
454.03	525.98
454.24	526.27
454.45	534.54
454.66	550.26
454.87	560.29
455.08	558.41
455.29	567.48
455.50	585.56
455.71	598.49
455.92	593.89
456.13	603.12
456.34	616.85
456.55	630.54
456.76	621.86
456.97	630.52
457.18	643.53
457.39	652.68
457.60	647.86
457.80	653.91
458.01	674.07
458.22	680.74
458.43	679.87
458.64	686.56
458.85	702.55
459.06	706.71
459.27	700.44
459.48	702.53
459.69	712.73
459.90	708.25
460.11	700.42
460.32	706.10
460.53	713.51
460.74	721.63
460.95	711.50
461.16	718.68
461.37	729.10
461.58	732.22
461.78	720.83
461.99	720.49
462.20	731.01
462.41	724.42
462.62	716.26
462.83	716.01
463.04	723.32
463.25	722.25
463.46	714.49
463.67	716.38
463.88	726.99
464.09	727.85
464.30	726.11
464.51	723.28
464.71	730.31
464.92	728.78
465.13	716.56
465.34	718.74
465.55	717.34
465.76	714.25
465.97	700.89
466.18	697.19
466.39	704.64
466.60	697.73
466.81	686.46
467.01	685.84
467.22	693.07
467.43	686.28
467.64	674.05
467.85	669.43
468.06	672.16
468.27	663.97
468.48	648.87
468.69	638.69
468.90	647.65
469.10	644.33
469.31	631.34
469.52	623.09
469.73	623.28
469.94	623.40
470.15	607.93
470.36	603.35
470.57	605.20
470.77	598.61
470.98	585.41
471.19	582.58
471.40	582.75
471.61	572.69
471.82	562.06
472.03	557.50
472.24	560.91
472.44	558.32
472.65	548.35
472.86	546.65
473.07	556.72
473.28	550.61
473.49	539.69
473.70	539.51
473.91	550.42
474.11	550.05
474.32	540.51
474.53	544.60
474.74	570.02
474.95	572.12
475.16	565.77
475.37	565.24
475.57	573.35
475.78	574.97
475.99	570.17
476.20	570.15
476.41	582.19
476.62	582.91
476.82	575.67
477.03	578.76
477.24	590.28
477.45	589.95
477.66	584.80
477.87	586.52
478.07	599.86
478.28	603.84
478.49	599.14
478.70	604.74
478.91	610.76
479.12	600.50
479.32	598.08
479.53	605.48
479.74	620.67
479.95	625.74
480.16	624.44
480.37	634.03
480.57	652.31
480.78	654.76
480.99	654.82
481.20	660.85
481.41	672.71
481.61	680.02
481.82	680.73
482.03	690.17
482.24	699.35
482.45	707.04
482.66	703.29
482.86	712.38
483.07	726.70
483.28	737.64
483.49	737.83
483.70	745.09
483.90	758.74
484.11	768.12
484.32	770.95
484.53	779.48
484.74	789.50
484.94	796.97
485.15	796.25
485.36	804.75
485.57	820.53
485.77	831.51
485.98	832.08
486.19	839.73
486.40	857.38
486.61	871.54
486.81	872.08
487.02	881.52
487.23	898.20
487.44	903.80
487.64	901.26
487.85	905.32
488.06	925.74
488.27	929.13
488.48	926.40
488.68	926.99
488.89	940.31
489.10	948.07
489.31	945.05
489.51	953.75
489.72	972.82
489.93	977.91
490.14	975.24
490.34	979.24
490.55	993.05
490.76	990.24
490.97	982.32
491.17	982.21
491.38	994.06
491.59	993.32
491.80	990.16
492.00	996.62
492.21	1006.90
492.42	1003.72
492.63	999.06
492.83	999.08
493.04	1015.81
493.25	1018.35
493.46	1008.11
493.66	1007.02
493.87	1016.40
494.08	1015.30
494.29	1012.11
494.49	1011.85
494.70	1021.33
494.91	1018.07
495.11	1012.61
495.32	1015.56
495.53	1025.49
495.74	1025.97
495.94	1022.66
496.15	1023.05
496.36	1029.08
496.57	1031.10
496.77	1022.52
496.98	1022.35
497.19	1032.51
497.39	1029.66
497.60	1017.96
497.81	1020.24
498.02	1031.55
498.22	1028.80
498.43	1015.03
498.64	1010.72
498.84	1015.48
499.05	1013.90
499.26	1003.60
499.46	1000.34
499.67	1006.22
499.88	1001.77
500.09	987.04
500.29	982.38
500.50	984.51
500.71	980.98
500.91	969.94
501.12	969.00
501.33	976.12
501.53	970.35
501.74	957.94
501.95	952.77
502.15	957.77
502.36	952.89
502.57	940.29
502.77	935.92
502.98	941.75
503.19	940.91
503.39	928.92
503.60	929.64
503.81	931.18
504.02	929.47
504.22	919.40
504.43	918.13
504.64	919.71
504.84	917.45
505.05	906.33
505.26	899.12
505.46	899.02
505.67	893.01
505.87	884.27
506.08	880.24
506.29	889.13
506.49	889.79
506.70	877.33
506.91	871.52
507.11	881.08
507.32	875.50
507.53	862.92
507.73	859.15
507.94	868.01
508.15	871.23
508.35	857.65
508.56	854.61
508.77	863.56
508.97	865.76
509.18	856.01
509.38	851.51
509.59	859.04
509.80	860.77
510.00	854.74
510.21	850.61
510.42	859.19
510.62	854.22
510.83	844.19
511.04	840.23
511.24	853.09
511.45	849.75
511.65	839.84
511.86	843.74
512.07	853.96
512.27	847.61
512.48	838.57
512.68	838.28
512.89	845.99
513.10	840.49
513.30	827.91
513.51	830.93
513.72	841.62
513.92	843.98
514.13	833.99
514.33	834.77
514.54	846.79
514.75	843.94
514.95	838.24
515.16	835.43
515.36	844.74
515.57	846.06
515.78	838.85
515.98	839.88
516.19	845.40
516.39	840.60
516.60	833.19
516.80	833.95
517.01	848.41
517.22	851.27
517.42	851.23
517.63	854.26
517.83	861.82
518.04	863.91
518.25	858.80
518.45	862.14
518.66	869.43
518.86	869.82
519.07	866.23
519.27	870.70
519.48	880.55
519.69	879.53
519.89	871.79
520.10	872.32
520.30	885.76
520.51	886.89
520.71	883.67
520.92	884.68
521.13	896.87
521.33	895.84
521.54	887.36
521.74	886.87
521.95	894.81
522.15	899.70
522.36	892.27
522.56	892.19
522.77	904.42
522.98	904.60
523.18	896.54
523.39	898.02
523.59	903.80
523.80	907.11
524.00	902.53
524.21	900.11
524.41	913.76
524.62	914.49
524.82	912.26
525.03	912.44
525.23	923.20
525.44	922.89
525.65	915.97
525.85	920.38
526.06	927.16
526.26	930.97
526.47	924.34
526.67	924.63
526.88	926.89
527.08	927.05
527.29	921.84
527.49	921.06
527.70	934.24
527.90	938.09
528.11	930.48
528.31	934.79
528.52	942.26
528.72	939.30
528.93	933.48
529.13	928.02
529.34	936.84
529.54	935.53
529.75	923.22
529.95	925.49
530.16	935.32
530.36	932.63
530.57	924.45
530.77	920.16
530.98	929.10
531.18	939.55
531.39	928.37
531.59	929.52
531.80	941.79
532.00	937.70
532.21	930.19
532.41	932.25
532.62	940.47
532.82	949.95
533.03	943.70
533.23	942.36
533.44	953.51
533.64	956.30
533.85	952.15
534.05	953.87
534.26	963.42
534.46	962.00
534.67	957.90
534.87	959.27
535.07	970.58
535.28	966.99
535.48	955.48
535.69	959.11
535.89	966.84
536.10	970.17
536.30	960.79
536.51	960.28
536.71	964.89
536.92	968.16
537.12	956.73
537.33	955.27
537.53	961.67
537.73	964.34
537.94	955.15
538.14	955.08
538.35	965.96
538.55	962.80
538.76	954.72
538.96	953.20
539.17	964.09
539.37	961.28
539.57	960.69
539.78	959.39
539.98	965.59
540.19	964.07
540.39	951.82
540.60	954.31
540.80	964.50
541.00	964.83
541.21	951.31
541.41	951.02
541.62	958.74
541.82	961.34
542.03	951.88
542.23	953.65
542.43	959.68
542.64	961.04
542.84	953.11
543.05	953.83
543.25	959.93
543.45	957.12
543.66	946.57
543.86	942.48
544.07	956.26
544.27	953.22
544.48	947.51
544.68	948.87
544.88	956.69
545.09	957.71
545.29	947.00
545.50	948.33
545.70	956.05
545.90	955.50
546.11	945.03
546.31	942.09
546.52	948.99
546.72	946.75
546.92	934.24
547.13	936.53
547.33	942.90
547.53	942.53
547.74	933.46
547.94	938.44
548.15	944.35
548.35	938.30
548.55	932.12
548.76	932.76
548.96	939.94
549.16	937.77
549.37	923.07
549.57	925.84
549.78	936.51
549.98	935.32
550.18	930.50
550.39	929.82
550.59	935.65
550.79	930.91
551.00	926.93
551.20	926.33
551.41	930.52
551.61	933.07
551.81	924.30
552.02	923.30
552.22	930.68
552.42	927.36
552.63	916.69
552.83	918.74
553.03	921.22
553.24	920.86
553.44	912.56
553.64	914.29
553.85	920.24
554.05	915.11
554.25	905.10
554.46	899.82
554.66	905.26
554.86	903.82
555.07	899.14
555.27	891.92
555.47	899.96
555.68	897.61
555.88	884.80
556.08	886.87
556.29	895.57
556.49	891.82
556.69	887.94
556.90	886.79
557.10	890.63
557.30	894.07
557.51	884.57
557.71	881.99
557.91	886.77
558.12	889.56
558.32	881.19
558.52	877.68
558.73	886.46
558.93	884.51
559.13	878.70
559.33	877.70
559.54	887.20
559.74	887.10
559.94	877.12
560.15	873.59
560.35	880.10
560.55	874.87
560.76	867.38
560.96	867.87
561.16	876.06
561.36	873.66
561.57	862.49
561.77	860.03
561.97	868.46
562.18	874.23
562.38	861.75
562.58	857.22
562.78	869.04
562.99	870.07
563.19	862.41
563.39	858.94
563.60	864.79
563.80	861.47
564.00	850.69
564.20	852.23
564.41	862.29
564.61	860.61
564.81	857.24
565.01	857.53
565.22	861.92
565.42	859.58
565.62	852.79
565.83	852.38
566.03	857.42
566.23	853.01
566.43	839.12
566.64	840.88
566.84	846.61
567.04	846.08
567.24	833.25
567.45	833.13
567.65	844.15
567.85	839.45
568.05	830.95
568.26	831.85
568.46	838.59
568.66	836.94
568.86	826.50
569.07	824.69
569.27	829.17
569.47	826.19
569.67	815.99
569.87	816.30
570.08	817.76
570.28	817.37
570.48	811.66
570.68	809.59
570.89	812.03
571.09	813.36
571.29	799.08
571.49	796.07
571.69	808.50
571.90	801.65
572.10	795.24
572.30	793.40
572.50	791.82
572.71	788.80
572.91	775.65
573.11	773.43
573.31	772.84
573.51	771.21
573.72	760.34
573.92	762.39
574.12	766.25
574.32	766.29
574.52	753.22
574.73	745.66
574.93	751.29
575.13	747.84
575.33	740.58
575.53	739.67
575.74	743.10
575.94	735.40
576.14	726.85
576.34	723.48
576.54	730.46
576.75	736.31
576.95	722.29
577.15	723.99
577.35	728.69
577.55	729.92
577.75	716.32
577.96	720.07
578.16	722.37
578.36	722.09
578.56	713.79
578.76	715.93
578.97	723.65
579.17	720.90
579.37	714.59
579.57	706.63
579.77	707.02
579.97	708.46
580.18	695.49
580.38	693.62
580.58	698.71
580.78	699.74
580.98	684.51
581.18	681.99
581.38	689.33
581.59	689.87
581.79	680.22
581.99	678.07
582.19	678.93
582.39	677.08
582.59	663.27
582.80	658.86
583.00	666.04
583.20	664.46
583.40	655.94
583.60	653.63
583.80	666.57
584.00	669.02
584.21	661.63
584.41	665.28
584.61	669.94
584.81	670.33
585.01	657.05
585.21	660.87
585.41	671.77
585.61	671.69
585.82	658.74
586.02	654.32
586.22	661.42
586.42	662.64
586.62	657.65
586.82	656.70
587.02	667.07
587.22	664.87
587.42	653.85
587.63	652.00
587.83	659.08
588.03	655.76
588.23	648.11
588.43	644.13
588.63	647.72
588.83	650.57
589.03	639.06
589.23	638.97
589.44	643.16
589.64	642.09
589.84	628.36
590.04	629.58
590.24	638.73
590.44	637.33
590.64	623.48
590.84	618.47
591.04	626.46
591.24	621.06
591.44	608.07
591.65	612.03
591.85	618.27
592.05	615.81
592.25	603.16
592.45	600.95
592.65	607.92
592.85	607.62
593.05	596.29
593.25	595.16
593.45	601.71
593.65	597.71
593.85	584.55
594.05	582.62
594.25	590.91
594.46	592.19
594.66	584.70
594.86	584.37
595.06	592.39
595.26	591.69
595.46	582.42
595.66	583.71
595.86	585.49
596.06	588.10
596.26	577.74
596.46	578.29
596.66	585.31
596.86	583.32
597.06	574.97
597.26	572.55
597.46	579.22
597.66	580.28
597.86	572.32
598.06	573.90
598.26	582.93
598.46	581.16
598.67	568.11
598.87	566.18
599.07	574.82
599.27	574.41
599.47	561.85
599.67	564.97
599.87	570.15
600.07	572.94
600.27	558.12
600.47	556.31
600.67	563.60
600.87	563.35
601.07	553.46
601.27	548.11
601.47	557.15
601.67	555.92
601.87	543.02
602.07	541.33
602.27	545.21
602.47	541.91
602.67	532.12
602.87	531.01
603.07	539.16
603.27	538.67
603.47	527.03
603.67	529.27
603.87	532.49
604.07	529.99
604.27	517.00
604.47	517.80
604.67	524.36
604.87	524.92
605.07	515.23
605.27	512.75
605.47	519.33
605.67	519.07
605.87	510.06
606.07	508.36
606.27	516.07
606.47	523.87
606.67	515.68
606.87	511.60
607.07	519.68
607.27	518.76
607.47	510.76
607.67	507.06
607.87	514.04
608.07	515.52
608.26	506.36
608.46	503.14
608.66	509.30
608.86	508.50
609.06	495.06
609.26	492.88
609.46	503.74
609.66	500.70
609.86	488.82
610.06	488.18
610.26	499.18
610.46	496.80
610.66	480.20
610.86	477.08
611.06	488.72
611.26	489.11
611.46	477.63
611.66	471.99
611.86	480.94
612.06	477.86
612.25	464.23
612.45	466.76
612.65	477.47
612.85	475.62
613.05	467.83
613.25	468.54
613.45	474.00
613.65	471.85
613.85	466.23
614.05	464.11
614.25	471.38
614.45	466.53
614.65	457.73
614.85	455.74
615.04	465.30
615.24	461.79
615.44	451.96
615.64	451.31
615.84	461.26
616.04	462.20
616.24	452.17
616.44	452.91
616.64	459.76
616.84	459.33
617.04	449.66
617.23	448.72
617.43	458.20
617.63	459.90
617.83	450.85
618.03	448.54
618.23	458.65
618.43	456.64
618.63	451.53
618.83	453.05
619.03	461.65
619.22	463.78
619.42	454.88
619.62	454.06
619.82	464.23
620.02	462.88
620.22	452.33
620.42	453.77
620.62	464.54
620.81	461.11
621.01	451.94
621.21	453.28
621.41	462.41
621.61	461.71
621.81	452.19
622.01	452.70
622.21	463.29
622.40	461.42
622.60	452.84
622.80	451.82
623.00	460.34
623.20	459.84
623.40	445.62
623.60	446.96
623.79	456.85
623.99	458.26
624.19	451.61
624.39	453.50
624.59	462.14
624.79	458.45
624.98	453.83
625.18	454.16
625.38	464.87
625.58	461.51
625.78	449.85
625.98	449.25
626.18	453.40
626.37	452.89
626.57	442.30
626.77	444.14
626.97	451.43
627.17	454.61
627.37	446.85
627.56	446.57
627.76	454.75
627.96	454.18
628.16	442.17
628.36	438.79
628.55	441.29
628.75	437.37
628.95	429.06
629.15	424.69
629.35	430.74
629.55	428.65
629.74	422.08
629.94	423.05
630.14	430.54
630.34	434.85
630.54	424.18
630.73	424.75
630.93	430.27
631.13	429.94
631.33	413.77
631.53	411.78
631.72	421.92
631.92	420.28
632.12	407.10
632.32	409.38
632.52	418.41
632.71	426.60
632.91	422.66
633.11	423.99
633.31	430.31
633.50	430.11
633.70	419.79
633.90	418.23
634.10	425.47
634.30	429.49
634.49	418.66
634.69	420.89
634.89	428.53
635.09	430.76
635.28	422.04
635.48	424.75
635.68	436.33
635.88	433.21
636.08	426.64
636.27	430.80
636.47	437.78
636.67	441.68
636.87	432.36
637.06	433.90
637.26	443.71
637.46	445.42
637.66	438.19
637.85	439.86
638.05	448.13
638.25	448.68
638.45	434.91
638.64	434.70
638.84	444.84
639.04	446.07
639.24	438.52
639.43	437.60
639.63	445.87
639.83	446.20
640.03	441.68
640.22	440.35
640.42	446.20
640.62	445.64
640.81	436.08
641.01	436.98
641.21	442.58
641.41	442.32
641.60	438.07
641.80	439.90
642.00	450.69
642.20	452.02
642.39	445.85
642.59	452.17
642.79	461.48
642.98	457.56
643.18	451.43
643.38	450.26
643.58	460.83
643.77	463.06
643.97	453.50
644.17	454.63
644.36	466.72
644.56	472.18
644.76	465.90
644.95	465.96
645.15	471.19
645.35	475.28
645.55	468.30
645.74	467.54
645.94	478.64
646.14	477.57
646.33	472.05
646.53	473.86
646.73	482.54
646.92	482.56
647.12	475.23
647.32	475.38
647.51	483.69
647.71	481.66
647.91	474.76
648.10	477.16
648.30	488.76
648.50	484.98
648.69	471.03
648.89	470.94
649.09	479.15
649.28	478.09
649.48	465.81
649.68	464.13
649.87	478.13
650.07	478.78
650.27	469.84
650.46	471.34
650.66	476.10
650.86	469.94
651.05	461.24
651.25	463.68
651.45	472.67
651.64	475.79
651.84	470.19
652.04	467.31
652.23	474.45
652.43	472.61
652.63	466.12
652.82	470.06
653.02	476.47
653.21	477.92
653.41	473.28
653.61	476.24
653.80	486.87
654.00	479.81
654.20	471.81
654.39	471.68
654.59	481.55
654.79	485.64
654.98	481.84
655.18	483.75
655.37	491.77
655.57	492.45
655.77	485.02
655.96	487.63
656.16	497.50
656.35	497.62
656.55	486.68
656.75	488.57
656.94	498.11
657.14	498.48
657.34	490.95
657.53	491.24
657.73	496.12
657.92	495.24
658.12	489.78
658.32	488.65
658.51	498.44
658.71	497.40
658.90	487.16
659.10	487.65
659.30	499.57
659.49	504.09
659.69	495.28
659.88	492.12
660.08	500.86
660.27	504.44
660.47	499.74
660.67	503.10
660.86	515.17
661.06	513.36
661.25	507.10
661.45	506.26
661.65	515.70
661.84	519.19
662.04	510.39
662.23	508.70
662.43	519.48
662.62	522.78
662.82	514.96
663.01	515.31
663.21	524.61
663.41	523.71
663.60	513.05
663.80	515.91
663.99	531.22
664.19	530.19
664.38	520.57
664.58	519.05
664.78	526.29
664.97	522.35
665.17	516.63
665.36	518.41
665.56	531.15
665.75	528.26
665.95	522.00
666.14	523.11
666.34	536.10
666.53	533.41
666.73	522.78
666.92	520.30
667.12	534.99
667.32	534.11
667.51	526.84
667.71	525.82
667.90	531.63
668.10	524.94
668.29	518.49
668.49	517.80
668.68	529.59
668.88	531.91
669.07	524.30
669.27	522.10
669.46	531.03
669.66	527.63
669.85	523.42
670.05	523.66
670.24	532.88
670.44	532.82
670.63	525.63
670.83	526.76
671.02	537.13
671.22	532.82
671.41	533.02
671.61	533.49
671.80	542.59
672.00	543.59
672.19	538.69
672.39	539.71
672.58	550.73
672.78	548.17
672.97	539.03
673.17	538.48
673.36	550.55
673.56	552.50
673.75	546.22
673.95	548.35
674.14	557.40
674.34	556.75
674.53	547.67
674.73	548.06
674.92	552.05
675.12	551.41
675.31	544.47
675.51	539.51
675.70	543.86
675.89	544.47
676.09	536.39
676.28	536.78
676.48	548.45
676.67	546.12
676.87	536.92
677.06	534.23
677.26	547.26
677.45	543.80
677.65	533.82
677.84	534.64
678.03	540.82
678.23	536.86
678.42	529.41
678.62	527.11
678.81	534.29
679.01	537.11
679.20	532.49
679.40	531.57
679.59	539.98
679.78	544.14
679.98	535.48
680.17	533.49
680.37	539.65
680.56	537.15
680.76	531.17
680.95	534.15
681.14	545.68
681.34	540.76
681.53	533.93
681.73	534.77
681.92	547.65
682.12	541.25
682.31	536.16
682.50	536.20
682.70	547.18
682.89	550.86
683.09	543.92
683.28	539.26
683.47	552.39
683.67	546.20
683.86	536.26
684.06	535.69
684.25	545.62
684.45	548.76
684.64	537.80
684.83	538.52
685.03	545.48
685.22	542.79
685.41	536.35
685.61	536.31
685.80	543.69
686.00	540.16
686.19	538.65
686.38	540.47
686.58	547.59
686.77	544.31
686.97	533.86
687.16	533.64
687.35	543.63
687.55	540.62
687.74	537.43
687.93	536.02
688.13	543.78
688.32	544.10
688.52	533.53
688.71	531.85
688.90	535.36
689.10	536.61
689.29	528.73
689.48	527.87
689.68	534.95
689.87	532.35
690.06	520.57
690.26	519.64
690.45	526.19
690.65	525.14
690.84	519.64
691.03	520.73
691.23	523.68
691.42	520.96
691.61	511.00
691.81	509.42
692.00	523.19
692.19	521.92
692.39	511.37
692.58	510.14
692.77	519.74
692.97	519.11
693.16	504.21
693.35	503.92
693.55	512.11
693.74	511.52
693.93	505.44
694.13	503.53
694.32	507.74
694.51	506.59
694.71	498.32
694.90	498.20
695.09	506.24
695.29	509.44
695.48	500.56
695.67	498.34
695.86	508.25
696.06	501.46
696.25	498.92
696.44	496.51
696.64	507.10
696.83	501.48
697.02	494.01
697.22	497.73
697.41	504.76
697.60	500.87
697.80	492.68
697.99	489.15
698.18	498.67
698.37	498.22
698.57	487.18
698.76	485.90
698.95	491.53
699.15	487.65
699.34	477.66
699.53	478.21
699.72	482.58
699.92	476.24
700.11	466.47
700.30	458.41
700.50	467.11
700.69	461.38
700.88	456.66
701.07	454.71
701.27	462.61
701.46	461.24
701.65	453.65
701.84	451.96
702.04	458.74
702.23	454.65
702.42	444.31
702.61	444.00
702.81	457.24
703.00	453.38
703.19	442.69
703.38	442.17
703.58	449.71
703.77	454.34
703.96	445.66
704.15	445.15
704.35	458.08
704.54	456.99
704.73	450.55
704.92	446.26
705.12	454.28
705.31	450.03
705.50	440.64
705.69	440.24
705.89	447.96
706.08	449.71
706.27	440.27
706.46	437.72
706.66	444.60
706.85	436.53
707.04	430.99
707.23	428.69
707.42	436.74
707.62	432.49
707.81	419.76
708.00	419.05
708.19	427.65
708.39	420.71
708.58	410.37
708.77	407.35
708.96	415.39
709.15	415.07
709.35	408.42
709.54	408.01
709.73	418.23
709.92	415.54
710.11	400.60
710.31	400.21
710.50	411.72
710.69	411.49
710.88	402.51
711.07	400.25
711.27	410.32
711.46	407.23
711.65	403.88
711.84	402.79
712.03	411.25
712.22	406.55
712.42	398.48
712.61	403.68
712.80	412.89
712.99	411.60
713.18	403.22
713.38	400.89
713.57	408.21
713.76	401.83
713.95	392.37
714.14	392.80
714.33	401.85
714.53	399.94
714.72	390.15
714.91	390.23
715.10	395.49
715.29	393.66
715.48	384.12
715.68	378.23
715.87	383.28
716.06	380.30
716.25	374.91
716.44	376.61
716.63	379.85
716.82	373.14
717.02	363.50
717.21	358.20
717.40	362.39
717.59	361.59
717.78	349.11
717.97	349.05
718.16	357.05
718.36	352.78
718.55	341.23
718.74	335.93
718.93	337.88
719.12	336.41
719.31	327.30
719.50	325.35
719.69	331.91
719.89	333.88
720.08	322.90
720.27	320.05
720.46	327.17
720.65	328.90
720.84	324.14
721.03	321.55
721.22	332.26
721.41	333.55
721.61	320.40
721.80	318.27
721.99	325.10
722.18	324.63
722.37	314.55
722.56	314.74
722.75	324.01
722.94	326.54
723.13	317.86
723.32	313.67
723.52	320.09
723.71	319.11
723.90	306.73
724.09	306.36
724.28	313.55
724.47	308.93
724.66	295.45
724.85	292.66
725.04	299.06
725.23	294.09
725.42	286.11
725.62	284.06
725.81	293.93
726.00	292.66
726.19	282.21
726.38	282.13
726.57	288.67
726.76	284.51
726.95	276.50
727.14	276.89
727.33	288.59
727.52	287.87
727.71	276.50
727.90	276.03
728.09	281.41
728.28	276.83
728.47	266.68
728.67	262.53
728.86	269.96
729.05	268.17
729.24	258.45
729.43	255.27
729.62	267.17
729.81	269.47
730.00	258.36
730.19	258.82
730.38	265.98
730.57	264.95
730.76	256.25
730.95	252.89
731.14	256.68
731.33	251.26
731.52	241.37
731.71	241.09
731.90	249.25
732.09	252.10
732.28	245.72
732.47	244.14
732.66	253.42
732.85	249.46
733.04	242.75
733.23	243.71
733.42	251.71
733.61	248.27
733.80	239.94
733.99	237.54
734.18	243.12
734.37	242.21
734.56	233.96
734.75	232.86
734.94	239.73
735.13	237.68
735.32	229.59
735.51	230.06
735.70	236.10
735.89	231.89
736.08	218.84
736.27	215.02
736.46	222.90
736.65	219.46
736.84	209.93
737.03	207.23
737.22	213.79
737.41	216.34
737.60	208.11
737.79	202.20
737.98	208.56
738.17	205.03
738.36	196.47
738.55	193.25
738.74	202.85
738.93	199.98
739.12	192.35
739.31	192.04
739.50	200.10
739.69	199.00
739.88	192.86
740.07	198.20
740.26	206.32
740.45	205.60
740.64	198.22
740.83	198.59
741.02	207.08
741.20	204.19
741.39	189.74
741.58	188.18
741.77	204.27
741.96	207.29
742.15	198.07
742.34	194.89
742.53	202.16
742.72	198.30
742.91	191.01
743.10	194.09
743.29	199.65
743.48	195.71
743.67	186.15
743.86	183.63
744.05	181.39
744.23	185.49
744.42	176.20
744.61	175.85
744.80	183.17
744.99	182.41
745.18	175.38
745.37	173.86
745.56	180.34
745.75	172.85
745.94	161.67
746.13	164.13
746.32	171.17
746.50	171.85
746.69	164.29
746.88	161.98
747.07	164.21
747.26	159.16
747.45	151.04
747.64	153.48
747.83	158.47
748.02	164.38
748.21	149.09
748.39	148.23
748.58	155.06
748.77	152.93
748.96	139.94
749.15	138.85
749.34	146.32
749.53	148.29
749.72	139.79
749.90	139.46
750.09	143.07
750.28	141.68
750.47	133.37
750.66	135.30
750.85	144.80
751.04	146.50
751.23	142.60
751.41	142.38
751.60	149.81
751.79	146.62
751.98	136.82
752.17	137.06
752.36	142.97
752.55	142.03
752.73	139.48
752.92	143.07
753.11	150.01
753.30	150.87
753.49	138.11
753.68	135.24
753.87	140.43
754.05	144.22
754.24	137.56
754.43	137.14
754.62	141.89
754.81	142.34
755.00	130.87
755.18	132.01
755.37	139.94
755.56	140.30
755.75	137.06
755.94	137.96
756.13	145.64
756.31	147.18
756.50	142.05
756.69	135.93
756.88	140.65
757.07	140.02
757.25	130.11
757.44	132.34
757.63	138.46
757.82	139.16
758.01	129.63
758.20	127.81
758.38	134.64
758.57	135.28
758.76	123.33
758.95	123.05
759.14	126.70
759.32	124.28
759.51	114.51
759.70	113.96
759.89	118.96
760.08	119.74
760.26	109.22
760.45	104.47
760.64	113.55
760.83	114.02
761.01	108.68
761.20	112.17
761.39	117.96
761.58	118.22
761.77	110.57
761.95	110.61
762.14	122.47
762.33	121.18
762.52	112.15
762.70	112.23
762.89	122.47
763.08	120.93
763.27	113.34
763.46	110.59
763.64	118.43
763.83	118.29
764.02	107.92
764.21	110.84
764.39	120.34
764.58	118.53
764.77	112.56
764.96	105.60
765.14	112.64
765.33	113.93
765.52	110.47
765.71	107.66
765.89	113.20
766.08	108.74
766.27	99.16
766.46	103.08
766.64	114.26
766.83	111.29
767.02	104.93
767.21	105.29
767.39	114.78
767.58	215.97
767.77	207.55
767.95	208.35
768.14	212.48
768.33	208.00
768.52	199.16
768.70	194.95
768.89	204.56
769.08	198.50
769.26	189.31
769.45	186.52
769.64	195.01
769.83	193.97
770.01	183.40
770.20	186.50
770.39	191.73
770.57	189.80
770.76	181.63
770.95	181.31
771.14	188.59
771.32	186.33
771.51	76.75
771.70	77.82
771.88	84.73
772.07	89.06
772.26	82.27
772.44	84.75
772.63	96.72
772.82	98.32
773.00	93.68
773.19	93.45
773.38	100.31
773.56	97.48
773.75	89.78
773.94	93.06
774.13	96.53
774.31	94.32
774.50	84.40
774.69	86.23
774.87	96.68
775.06	93.72
775.25	87.11
775.43	83.69
775.62	90.21
775.81	89.90
775.99	78.17
776.18	80.38
776.36	82.64
776.55	79.99
776.74	74.68
776.92	73.06
777.11	77.71
777.30	76.69
777.48	69.03
777.67	69.86
777.86	78.97
778.04	78.39
778.23	72.19
778.42	71.93
778.60	79.31
778.79	76.44
778.97	70.02
779.16	70.22
779.35	79.40
779.53	84.73
779.72	78.25
779.91	77.78
780.09	82.29
780.28	88.10
780.47	79.11
780.65	73.04
780.84	79.83
781.02	79.89
781.21	73.59
781.40	75.64
781.58	83.28
781.77	76.91
781.95	70.61
782.14	67.17
782.33	72.44
782.51	70.00
782.70	60.07
782.88	58.90
783.07	65.75
783.26	58.69
783.44	46.34
783.63	44.86
783.81	50.97
784.00	56.19
784.19	44.06
784.37	43.75
784.56	56.31
784.74	51.67
784.93	43.44
785.11	39.54
785.30	43.63
785.49	41.15
785.67	34.87
785.86	38.03
786.04	47.40
786.23	44.98
786.42	37.25
786.60	37.49
786.79	47.10
786.97	48.94
787.16	47.73
787.34	44.78
787.53	50.07
787.71	48.18
787.90	35.28
788.09	36.65
788.27	48.02
788.46	44.10
788.64	43.05
788.83	44.08
789.01	53.83
789.20	58.36
789.38	48.39
789.57	48.68
789.75	51.96
789.94	47.26
790.13	42.73
790.31	44.76
790.50	50.44
790.68	48.20
790.87	37.72
791.05	38.19
791.24	46.79
791.42	48.90
791.61	39.57
791.79	41.56
791.98	50.13
792.16	46.73
792.35	38.77
792.53	37.76
792.72	47.82
792.90	45.23
793.09	35.77
793.27	39.77
793.46	49.21
793.64	47.81
793.83	46.07
794.01	48.29
794.20	54.57
794.38	56.45
794.57	47.75
794.75	47.61
794.94	54.50
795.12	59.43
795.31	51.04
795.49	56.08
795.68	61.73
795.86	53.95
796.05	44.76
796.23	44.63
796.42	51.12
796.60	48.37
796.79	43.53
796.97	44.45
797.16	53.42
797.34	52.15
797.53	47.20
797.71	44.18
797.90	52.21
798.08	52.00
798.27	43.87
798.45	48.53
798.64	54.75
798.82	58.79
799.00	43.16
799.19	41.90
799.37	47.18
799.56	46.60
799.74	44.29
799.93	49.44
800.11	57.11
800.30	52.49
800.48	43.38
800.67	40.76
800.85	43.38
801.03	39.42
801.22	30.66
801.40	29.63
801.59	38.27
801.77	33.31
801.96	25.24
802.14	25.10
802.32	27.15
802.51	25.39
802.69	11.57
802.88	16.21
803.06	23.17
803.25	21.69
803.43	14.71
803.61	14.02
803.80	17.75
803.98	16.19
804.17	13.36
804.35	15.41
804.54	21.77
804.72	26.49
804.90	19.70
805.09	22.31
805.27	29.18
805.46	28.67
805.64	22.43
805.82	22.18
806.01	31.58
806.19	34.89
806.38	29.69
806.56	29.86
806.74	36.18
806.93	31.66
807.11	25.08
807.30	25.57
807.48	36.82
807.66	33.18
807.85	27.89
808.03	24.32
808.21	32.22
808.40	33.90
808.58	27.38
808.77	28.20
808.95	34.37
809.13	28.89
809.32	21.42
809.50	25.08
809.68	35.26
809.87	33.20
810.05	26.47
810.23	26.90
810.42	35.81
810.60	35.60
810.79	37.47
810.97	37.84
811.15	45.60
811.34	44.08
811.52	39.32
811.70	38.83
811.89	49.35
812.07	46.89
812.25	39.18
812.44	37.82
812.62	46.77
812.80	44.61
812.99	42.50
813.17	42.71
813.35	46.44
813.54	44.08
813.72	37.55
813.90	36.01
814.09	46.07
814.27	44.53
814.45	36.06
814.64	33.65
814.82	40.06
815.00	37.06
815.19	29.14
815.37	28.87
815.55	35.85
815.74	35.38
815.92	26.72
816.10	27.31
816.29	33.02
816.47	35.28
816.65	31.13
816.83	35.52
817.02	40.94
817.20	42.95
817.38	34.11
817.57	34.91
817.75	42.13
817.93	37.47
818.12	30.37
818.30	33.26
818.48	39.63
818.66	40.63
818.85	38.35
819.03	39.75
819.21	46.77
819.40	47.26
819.58	37.51
819.76	40.18
819.94	43.90
820.13	49.74
820.31	35.65
820.49	33.26
820.67	35.23
820.86	36.26
821.04	27.89
821.22	33.39
821.40	44.35
821.59	44.22
821.77	37.98
821.95	41.13
822.14	45.41
822.32	42.62
822.50	35.56
822.68	33.29
822.87	37.14
823.05	36.94
823.23	28.44
823.41	29.80
823.59	39.26
823.78	45.46
823.96	34.19
824.14	35.93
824.32	44.49
824.51	44.49
824.69	35.13
824.87	33.86
825.05	36.43
825.24	34.60
825.42	27.74
825.60	27.35
825.78	37.41
825.96	36.57
826.15	32.34
826.33	33.47
826.51	38.01
826.69	38.79
826.88	30.13
827.06	31.03
827.24	39.93
827.42	35.85
827.60	24.30
827.79	25.92
827.97	31.19
828.15	31.38
828.33	24.60
828.51	25.51
828.70	32.96
828.88	33.08
829.06	23.85
829.24	24.67
829.42	30.33
829.61	26.10
829.79	22.84
829.97	20.27
830.15	26.39
830.33	25.75
830.51	19.25
830.70	20.46
830.88	26.45
831.06	23.56
831.24	17.18
831.42	17.46
831.61	19.95
831.79	21.26
831.97	11.16
832.15	11.76
832.33	24.48
832.51	28.38
832.70	20.91
832.88	20.25
833.06	24.19
833.24	29.43
833.42	22.55
833.60	18.94
833.78	29.20
833.97	29.43
834.15	25.67
834.33	24.38
834.51	31.79
834.69	33.24
834.87	28.48
835.05	31.42
835.24	36.26
835.42	38.48
835.60	34.48
835.78	36.08
835.96	42.34
836.14	36.69
836.32	29.24
836.51	29.86
836.69	37.23
836.87	39.03
837.05	29.14
837.23	28.30
837.41	34.17
837.59	33.18
837.77	24.73
837.95	24.22
838.14	31.89
838.32	32.28
838.50	23.95
838.68	23.78
838.86	28.75
839.04	33.00
839.22	27.33
839.40	22.88
839.58	29.71
839.76	31.13
839.95	24.54
840.13	23.50
840.31	29.84
840.49	24.95
840.67	19.35
840.85	19.76
841.03	24.46
841.21	26.27
841.39	18.16
841.57	17.89
841.75	27.07
841.94	29.76
842.12	22.59
842.30	26.16
842.48	29.61
842.66	29.57
842.84	21.16
843.02	19.86
843.20	29.80
843.38	30.70
843.56	20.09
843.74	19.86
843.92	27.05
844.10	26.25
844.28	24.07
844.46	25.55
844.64	24.95
844.83	24.26
845.01	15.15
845.19	14.37
845.37	24.32
845.55	20.27
845.73	11.76
845.91	13.19
846.09	20.15
846.27	20.27
846.45	10.40
846.63	10.32
846.81	20.07
846.99	15.97
847.17	7.00
847.35	7.92
847.53	14.41
847.71	12.44
847.89	5.44
848.07	5.52
848.25	10.12
848.43	16.31
848.61	11.51
848.79	15.92
848.97	27.13
849.15	25.30
849.33	19.37
849.51	19.66
849.69	22.64
849.87	16.42
850.05	10.82
850.23	13.11
850.41	22.72
850.59	19.89
850.77	15.12
850.95	13.71
851.13	21.47
851.31	21.45
851.49	12.99
851.67	16.25
851.85	27.40
852.03	28.32
852.21	20.56
852.39	21.05
852.57	25.36
852.75	22.04
852.93	12.81
853.11	14.59
853.29	19.93
853.47	26.00
853.65	20.97
853.83	22.00
854.01	28.48
854.19	24.75
854.37	14.63
854.55	13.34
854.73	25.34
854.91	28.34
855.09	22.45
855.27	24.09
855.44	30.76
855.62	25.98
855.80	15.72
855.98	15.35
856.16	24.03
856.34	23.66
856.52	17.50
856.70	18.45
856.88	25.14
857.06	26.06
857.24	14.80
857.42	15.55
857.60	24.58
857.78	28.07
857.96	21.30
858.14	24.54
858.31	36.12
858.49	32.73
858.67	24.09
858.85	24.83
859.03	32.85
859.21	33.37
859.39	25.84
859.57	29.33
859.75	38.85
859.93	37.45
860.11	28.69
860.29	26.58
860.46	36.32
860.64	35.28
860.82	26.96
861.00	29.45
861.18	37.29
861.36	36.34
861.54	24.73
861.72	24.11
861.90	28.05
862.08	24.01
862.25	17.65
862.43	18.30
862.61	26.57
862.79	26.25
862.97	13.91
863.15	14.67
863.33	29.82
863.51	34.89
863.68	28.34
863.86	29.55
864.04	37.96
864.22	36.12
864.40	29.12
864.58	29.47
864.76	34.97
864.94	38.91
865.11	29.86
865.29	29.92
865.47	40.12
865.65	45.11
865.83	37.96
866.01	36.32
866.19	39.44
866.36	38.58
866.54	32.67
866.72	36.75
866.90	43.59
867.08	35.21
867.26	20.50
867.43	18.59
867.61	27.95
867.79	29.28
867.97	26.62
868.15	23.99
868.33	33.65
868.50	38.31
868.68	28.34
868.86	29.53
869.04	38.38
869.22	36.59
869.40	25.73
869.57	25.43
869.75	37.47
869.93	39.01
870.11	29.65
870.29	29.37
870.46	38.68
870.64	36.40
870.82	29.00
871.00	31.54
871.18	38.72
871.35	30.99
871.53	24.24
871.71	21.49
871.89	31.64
872.07	30.66
872.24	17.40
872.42	18.37
872.60	22.55
872.78	25.12
872.96	19.56
873.13	24.36
873.31	34.11
873.49	28.01
873.67	21.40
873.84	21.12
874.02	25.78
874.20	20.93
874.38	15.02
874.56	16.42
874.73	23.50
874.91	26.88
875.09	24.36
875.27	22.41
875.44	30.47
875.62	30.43
875.80	21.92
875.98	23.46
876.15	30.68
876.33	28.48
876.51	19.56
876.69	20.15
876.86	27.36
877.04	29.14
877.22	26.72
877.40	28.46
877.57	39.54
877.75	40.08
877.93	33.72
878.11	35.19
878.28	43.79
878.46	41.08
878.64	32.94
878.82	33.63
878.99	42.31
879.17	41.74
879.35	31.66
879.53	33.10
879.70	36.96
879.88	32.42
880.06	29.08
880.23	29.90
880.41	35.09
880.59	37.37
880.77	27.66
880.94	26.76
881.12	31.93
881.30	31.58
881.47	22.66
881.65	22.82
881.83	30.66
882.00	27.03
882.18	22.76
882.36	22.04
882.54	31.68
882.71	29.57
882.89	20.67
883.07	23.44
883.24	27.66
883.42	32.20
883.60	25.22
883.77	25.02
883.95	30.91
884.13	30.97
884.30	16.50
884.48	13.24
884.66	18.16
884.83	17.40
885.01	8.68
885.19	13.56
885.36	23.81
885.54	24.81
885.72	17.12
885.89	15.33
886.07	20.66
886.25	18.20
886.42	10.14
886.60	8.29
886.78	13.24
886.95	16.29
887.13	8.35
887.31	9.85
887.48	17.61
887.66	17.91
887.84	10.75
888.01	10.06
888.19	23.35
888.37	26.84
888.54	19.13
888.72	18.00
888.89	22.39
889.07	22.31
889.25	12.07
889.42	11.12
889.60	18.35
889.78	22.86
889.95	11.29
890.13	12.29
890.30	21.36
890.48	26.58
890.66	17.67
890.83	19.06
891.01	26.49
891.19	27.46
891.36	20.58
891.54	20.66
891.71	30.15
891.89	27.38
892.07	18.80
892.24	21.65
892.42	29.49
892.59	23.85
892.77	15.45
892.95	19.39
893.12	29.49
893.30	30.33
893.47	21.03
893.65	25.67
893.83	37.78
894.00	37.72
894.18	28.30
894.35	28.48
894.53	32.51
894.70	34.58
894.88	26.58
895.06	28.44
895.23	36.30
895.41	37.18
895.58	27.09
895.76	30.72
895.93	37.53
896.11	38.89
896.29	35.75
896.46	34.72
896.64	42.17
896.81	44.53
896.99	32.94
897.16	30.19
897.34	40.39
897.51	37.29
897.69	31.95
897.87	30.10
898.04	38.93
898.22	43.96
898.39	35.63
898.57	34.31
898.74	40.26
898.92	41.76
899.09	56.23
899.27	59.45
899.44	63.12
899.62	60.52
899.79	50.61
899.97	51.76
900.14	64.01
900.32	64.46
900.49	52.45
900.67	54.63
900.85	64.77
901.02	65.48
901.20	58.45
901.37	57.66
901.55	61.97
901.72	63.06
901.90	52.68
902.07	47.92
902.25	58.34
902.42	55.53
902.60	44.43
902.77	24.95
902.95	34.05
903.12	33.57
903.30	25.32
903.47	26.35
903.65	33.94
903.82	28.32
904.00	16.44
904.17	17.77
904.35	30.10
904.52	28.98
904.69	16.97
904.87	16.72
905.04	24.71
905.22	28.85
905.39	19.41
905.57	19.47
905.74	33.84
905.92	31.44
906.09	26.72
906.27	28.65
906.44	33.68
906.62	28.59
906.79	20.11
906.97	22.64
907.14	27.27
907.31	30.78
907.49	23.66
907.66	25.73
907.84	30.33
908.01	27.19
908.19	17.73
908.36	16.62
908.54	27.35
908.71	26.37
908.88	22.14
909.06	22.51
909.23	34.74
909.41	33.00
909.58	28.34
909.76	27.87
909.93	35.89
910.10	36.47
910.28	27.79
910.45	29.02
910.63	37.55
910.80	43.65
910.98	33.55
911.15	34.66
911.32	42.21
911.50	42.97
911.67	36.01
911.85	40.34
912.02	53.44
912.19	49.37
912.37	39.59
912.54	33.98
912.72	42.17
912.89	38.74
913.06	31.83
913.24	32.28
913.41	37.33
913.59	37.98
913.76	28.79
913.93	34.54
914.11	44.22
914.28	45.70
914.46	32.32
914.63	30.11
914.80	36.02
914.98	39.56
915.15	32.92
915.32	32.47
915.50	37.99
915.67	37.12
915.85	30.82
916.02	29.76
916.19	39.38
916.37	40.32
916.54	32.08
916.71	29.06
916.89	36.77
917.06	36.65
917.23	26.10
917.41	23.48
917.58	29.35
917.76	28.46
917.93	17.91
918.10	19.88
918.28	29.94
918.45	27.38
918.62	14.98
918.80	15.88
918.97	24.63
919.14	22.24
919.32	11.68
919.49	12.42
919.66	21.75
919.84	21.71
920.01	11.31
920.18	7.16
920.36	15.97
920.53	11.66
920.70	4.78
920.87	4.15
921.05	15.39
921.22	14.92
921.39	4.21
921.57	3.84
921.74	15.45
921.91	13.63
922.09	8.48
922.26	6.71
922.43	14.08
922.61	13.19
922.78	6.96
922.95	4.97
923.12	14.41
923.30	19.04
923.47	10.53
923.64	11.51
923.82	21.71
923.99	23.00
924.16	18.82
924.33	17.50
924.51	27.05
924.68	28.26
924.85	20.77
925.03	23.87
925.20	33.78
925.37	33.82
925.54	28.96
925.72	30.49
925.89	39.57
926.06	42.56
926.24	32.26
926.41	32.55
926.58	45.54
926.75	42.81
926.93	32.26
927.10	29.39
927.27	34.44
927.44	37.00
927.62	29.72
927.79	27.48
927.96	38.17
928.13	40.12
928.31	31.09
928.48	30.66
928.65	40.37
928.82	41.97
928.99	31.01
929.17	32.53
929.34	40.78
929.51	41.47
929.68	31.21
929.86	33.10
930.03	37.88
930.20	37.18
930.37	26.45
930.55	26.99
930.72	35.91
930.89	38.52
931.06	28.94
931.23	29.18
931.41	39.46
931.58	41.56
931.75	30.88
931.92	31.56
932.09	40.63
932.27	36.80
932.44	27.95
932.61	29.72
932.78	34.58
932.95	34.05
933.13	26.84
933.30	29.06
933.47	38.89
933.64	40.88
933.81	28.52
933.99	30.58
934.16	37.57
934.33	39.81
934.50	29.86
934.67	31.77
934.84	40.73
935.02	38.70
935.19	26.80
935.36	27.58
935.53	35.09
935.70	33.72
935.87	26.33
936.05	24.32
936.22	33.82
936.39	35.60
936.56	30.11
936.73	29.96
936.90	36.38
937.08	34.82
937.25	28.79
937.42	32.18
937.59	42.60
937.76	42.77
937.93	33.47
938.10	36.69
938.28	41.25
938.45	45.04
938.62	38.03
938.79	39.98
938.96	48.25
939.13	43.87
939.30	38.58
939.48	38.38
939.65	49.13
939.82	47.42
939.99	38.46
940.16	35.46
940.33	43.26
940.50	42.09
940.67	32.96
940.85	33.90
941.02	42.58
941.19	41.12
941.36	33.37
941.53	36.67
941.70	44.63
941.87	45.13
942.04	30.29
942.21	30.82
942.38	37.98
942.56	38.74
942.73	34.60
942.90	33.78
943.07	44.57
943.24	42.32
943.41	30.80
943.58	30.06
943.75	31.58
943.92	35.13
944.09	29.90
944.26	31.99
944.44	39.73
944.61	39.07
944.78	30.02
944.95	31.56
945.12	30.84
945.29	27.74
945.46	20.66
945.63	21.30
945.80	27.03
945.97	25.28
946.14	17.77
946.31	19.43
946.48	29.22
946.65	23.72
946.82	15.31
947.00	19.15
947.17	31.34
947.34	35.62
947.51	24.26
947.68	20.32
947.85	28.65
948.02	25.02
948.19	17.61
948.36	18.31
948.53	25.67
948.70	32.30
948.87	24.44
949.04	22.31
949.21	32.12
949.38	35.19
949.55	28.87
949.72	26.94
949.89	37.29
950.06	32.57
950.23	25.51
950.40	26.90
950.57	30.82
950.74	24.21
950.91	19.52
951.08	17.85
951.25	26.78
951.42	28.03
951.59	21.12
951.76	20.87
951.93	34.52
952.10	30.99
952.27	23.25
952.44	23.27
952.61	36.47
952.78	33.61
952.95	21.61
953.12	23.46
953.29	32.65
953.46	27.93
953.63	23.19
953.80	25.82
953.97	35.46
954.14	37.57
954.31	30.29
954.48	28.34
954.65	42.23
954.82	43.67
954.99	33.41
955.16	33.35
955.33	40.10
955.50	35.40
955.67	26.72
955.84	25.80
956.01	33.96
956.18	30.74
956.35	26.37
956.52	27.52
956.68	37.45
956.85	34.46
957.02	30.31
957.19	31.42
957.36	38.31
957.53	35.60
957.70	29.30
957.87	31.25
958.04	43.12
958.21	35.69
958.38	27.99
958.55	27.15
958.72	36.77
958.89	37.68
959.06	26.49
959.23	29.76
959.39	41.17
959.56	40.00
959.73	34.09
959.90	31.66
960.07	39.98
960.24	34.70
960.41	28.07
960.58	26.68
960.75	33.76
960.92	35.21
961.09	27.70
961.25	27.99
961.42	38.11
961.59	32.81
961.76	28.26
961.93	27.64
962.10	40.08
962.27	43.32
962.44	33.98
962.61	34.00
962.78	42.89
962.94	41.08
963.11	36.47
963.28	35.85
963.45	42.77
963.62	46.32
963.79	39.18
963.96	43.01
964.13	50.85
964.29	49.37
964.46	41.68
964.63	42.54
964.80	49.50
964.97	48.43
965.14	44.18
965.31	45.58
965.47	52.68
965.64	47.32
965.81	34.15
965.98	32.44
966.15	41.60
966.32	39.73
966.49	32.20
966.65	36.41
966.82	44.24
966.99	44.63
967.16	33.39
967.33	37.96
967.50	44.72
967.66	43.18
967.83	32.87
968.00	32.77
968.17	39.24
968.34	34.62
968.51	25.22
968.67	25.51
968.84	30.08
969.01	30.90
969.18	25.06
969.35	25.86
969.51	37.82
969.68	39.15
969.85	32.30
970.02	29.78
970.19	35.11
970.36	35.48
970.52	28.69
970.69	27.74
970.86	34.07
971.03	36.73
971.20	28.57
971.36	31.83
971.53	38.33
971.70	43.18
971.87	38.64
972.03	38.44
972.20	43.42
972.37	47.36
972.54	39.30
972.71	38.17
972.87	44.12
973.04	44.88
973.21	37.14
973.38	36.65
973.54	44.61
973.71	42.44
973.88	35.73
974.05	36.14
974.22	48.76
974.38	47.51
974.55	34.93
974.72	34.56
974.89	42.83
975.05	47.92
975.22	35.69
975.39	36.92
975.56	46.23
975.72	41.17
975.89	30.70
976.06	29.88
976.23	37.29
976.39	38.66
976.56	28.40
976.73	28.46
976.90	36.63
977.06	35.97
977.23	31.58
977.40	28.69
977.56	33.90
977.73	31.68
977.90	19.11
978.07	19.41
978.23	31.60
978.40	36.02
978.57	22.06
978.73	20.05
978.90	29.82
979.07	30.45
979.24	29.18
979.40	28.65
979.57	40.96
979.74	38.83
979.90	33.94
980.07	31.23
980.24	40.43
980.41	37.82
980.57	31.03
980.74	29.74
980.91	37.39
981.07	39.18
981.24	34.56
981.41	36.22
981.57	44.92
981.74	44.00
981.91	31.60
982.07	36.63
982.24	45.66
982.41	44.06
982.57	35.50
982.74	35.38
982.91	47.96
983.07	42.70
983.24	37.04
983.41	35.91
983.57	44.86
983.74	45.07
983.91	39.63
984.07	38.70
984.24	42.34
984.41	44.28
984.57	34.35
984.74	30.66
984.91	45.62
985.07	48.37
985.24	38.83
985.41	38.48
985.57	43.83
985.74	47.73
985.91	37.43
986.07	37.98
986.24	45.48
986.40	42.85
986.57	33.29
986.74	34.52
986.90	43.48
987.07	42.27
987.24	33.74
987.40	32.34
987.57	46.40
987.73	49.48
987.90	42.31
988.07	48.02
988.23	56.43
988.40	52.64
988.56	42.91
988.73	43.42
988.90	49.87
989.06	53.44
989.23	43.18
989.39	43.71
989.56	56.95
989.73	56.72
989.89	44.72
990.06	50.26
990.22	65.75
990.39	68.03
990.56	62.75
990.72	61.65
990.89	69.63
991.05	65.44
991.22	59.35
991.39	58.94
991.55	64.33
991.72	65.65
991.88	57.95
992.05	55.14
992.21	59.35
992.38	60.35
992.54	46.28
992.71	45.78
992.88	58.67
993.04	53.46
993.21	44.31
993.37	47.30
993.54	55.00
993.70	50.05
993.87	36.43
994.03	35.07
994.20	45.89
994.37	48.94
994.53	41.82
994.70	36.43
994.86	44.61
995.03	47.69
995.19	65.36
995.36	66.65
995.52	78.35
995.69	84.06
995.85	74.92
996.02	75.42
996.18	86.64
996.35	86.97
996.51	76.40
996.68	76.26
996.85	87.05
997.01	85.86
997.18	72.65
997.34	75.15
997.51	89.17
997.67	91.59
997.84	84.67
998.00	83.52
998.17	96.59
998.33	92.06
998.50	78.97
998.66	51.86
998.83	59.90
998.99	60.15
999.16	46.75
999.32	47.14
999.49	60.29
999.65	65.53
999.82	51.10
999.98	51.80
1000.14	61.77
1000.31	66.22
1000.47	57.95
1000.64	59.61
1000.80	72.26
1000.97	71.72
1001.13	60.46
1001.30	61.89
1001.46	72.03
1001.63	72.03
1001.79	68.32
1001.96	66.84
1002.12	77.28
1002.29	75.79
1002.45	63.66
1002.61	65.34
1002.78	74.92
1002.94	71.70
1003.11	55.02
1003.27	58.20
1003.44	69.16
1003.60	70.39
1003.77	53.93
1003.93	52.49
1004.09	65.75
1004.26	65.48
1004.42	52.47
1004.59	49.37
1004.75	56.13
1004.92	55.12
1005.08	44.14
1005.24	41.39
1005.41	52.84
1005.57	53.19
1005.74	44.22
1005.90	47.43
1006.07	55.08
1006.23	57.64
1006.39	46.99
1006.56	49.09
1006.72	56.39
1006.89	55.39
1007.05	44.92
1007.21	46.71
1007.38	57.81
1007.54	56.64
1007.71	46.15
1007.87	46.07
1008.03	66.33
1008.20	62.00
1008.36	52.19
1008.53	52.33
1008.69	60.56
1008.85	60.07
1009.02	50.36
1009.18	49.66
1009.34	60.31
1009.51	62.02
1009.67	51.88
1009.84	52.58
1010.00	62.10
1010.16	62.30
1010.33	52.99
1010.49	54.07
1010.65	67.70
1010.82	69.47
1010.98	57.40
1011.14	52.66
1011.31	62.55
1011.47	53.58
1011.64	46.52
1011.80	46.95
1011.96	57.50
1012.13	60.52
1012.29	52.27
1012.45	51.34
1012.62	62.43
1012.78	65.55
1012.94	58.98
1013.11	58.14
1013.27	68.85
1013.43	67.66
1013.60	58.20
1013.76	59.78
1013.92	66.39
1014.09	63.97
1014.25	49.68
1014.41	49.13
1014.58	63.14
1014.74	62.08
1014.90	53.11
1015.07	55.41
1015.23	63.39
1015.39	66.49
1015.55	55.57
1015.72	54.67
1015.88	60.56
1016.04	63.72
1016.21	48.12
1016.37	46.48
1016.53	57.09
1016.70	57.69
1016.86	44.92
1017.02	50.58
1017.18	62.10
1017.35	60.87
1017.51	48.66
1017.67	51.22
1017.84	63.37
1018.00	59.98
1018.16	54.63
1018.32	49.74
1018.49	56.62
1018.65	58.83
1018.81	47.36
1018.97	48.86
1019.14	60.09
1019.30	65.61
1019.46	51.39
1019.63	50.48
1019.79	59.24
1019.95	52.55
1020.11	42.79
1020.28	44.10
1020.44	51.22
1020.60	45.95
1020.76	39.71
1020.93	40.32
1021.09	50.61
1021.25	53.70
1021.41	44.02
1021.58	40.86
1021.74	53.21
1021.90	51.76
1022.06	41.84
1022.22	40.69
1022.39	43.77
1022.55	41.39
1022.71	28.32
1022.87	27.33
1023.04	40.37
1023.20	42.27
1023.36	35.56
1023.52	35.56
1023.68	47.14
1023.85	42.25
1024.01	34.64
1024.17	31.77
1024.33	40.67
1024.49	39.83
1024.66	26.90
1024.82	27.11
1024.98	37.00
1025.14	32.40
1025.30	23.97
1025.47	18.59
1025.63	29.71
1025.79	36.47
1025.95	25.69
1026.11	26.19
1026.28	45.19
1026.44	42.73
1026.60	30.19
1026.76	29.45
1026.92	39.05
1027.09	41.86
1027.25	31.54
1027.41	30.95
1027.57	48.18
1027.73	43.22
1027.89	36.01
1028.06	35.69
1028.22	51.16
1028.38	53.13
1028.54	50.59
1028.70	52.15
1028.86	68.77
1029.02	67.21
1029.19	55.37
1029.35	55.84
1029.51	68.48
1029.67	60.33
1029.83	52.84
1029.99	52.80
1030.15	68.68
1030.32	71.31
1030.48	56.09
1030.64	62.06
1030.80	74.72
1030.96	69.53
1031.12	68.01
1031.28	64.42
1031.45	75.35
1031.61	72.26
1031.77	61.48
1031.93	58.63
1032.09	66.67
1032.25	65.01
1032.41	55.49
1032.57	55.82
1032.73	69.05
1032.90	67.68
1033.06	59.47
1033.22	58.12
1033.38	70.27
1033.54	68.85
1033.70	56.33
1033.86	56.76
1034.02	60.72
1034.18	57.67
1034.34	48.29
1034.51	45.39
1034.67	56.02
1034.83	55.47
1034.99	42.40
1035.15	40.32
1035.31	53.03
1035.47	55.78
1035.63	44.24
1035.79	45.76
1035.95	58.49
1036.11	56.62
1036.27	44.55
1036.44	45.19
1036.60	55.24
1036.76	51.78
1036.92	42.89
1037.08	43.46
1037.24	53.25
1037.40	55.18
1037.56	46.23
1037.72	45.93
1037.88	56.64
1038.04	-27.03
1038.20	167.11
1038.36	107.72
1038.52	-4.51
1038.68	-47.10
1038.84	121.65
1039.00	134.76
1039.16	-37.27
1039.32	-75.37
1039.48	170.39
